# Colors for filenames in lf

# file types (with matching order)
ln      01;36   # LINK
or      31;01   # ORPHAN
tw      38;5;47 # STICKY_OTHER_WRITABLE
ow      38;5;47 # OTHER_WRITABLE
st      01;34   # STICKY
di      01;34   # DIR
pi      33      # FIFO
so      01;35   # SOCK
bd      33;01   # BLK
cd      33;01   # CHR
su      01;32   # SETUID
sg      01;32   # SETGID
ex      01;32   # EXEC
fi      00      # FILE

# archives or compressed
*.tar   01;31
*.tgz   01;31
*.arc   01;31
*.arj   01;31
*.taz   01;31
*.lha   01;31
*.lz4   01;31
*.lzh   01;31
*.lzma  01;31
*.tlz   01;31
*.txz   01;31
*.tzo   01;31
*.t7z   01;31
*.zip   38;5;196
*.xpi   01;31
*.z     01;31
*.dz    01;31
*.gz    01;31
*.lrz   01;31
*.lz    01;31
*.lzo   01;31
*.xz    01;31
*.zst   01;31
*.tzst  01;31
*.bz2   01;31
*.bz    01;31
*.tbz   01;31
*.tbz2  01;31
*.tz    01;31
*.deb   01;31
*.rpm   01;31
*.jar   01;31
*.war   01;31
*.ear   01;31
*.sar   01;31
*.rar   01;31
*.alz   01;31
*.ace   01;31
*.zoo   01;31
*.cpio  01;31
*.7z    01;31
*.rz    01;31
*.cab   01;31
*.wim   01;31
*.swm   01;31
*.dwm   01;31
*.esd   01;31

# image formats
*.jpg   38;5;202
*.JPG   38;5;202
*.jpeg  38;5;202
*.mjpg  38;5;202
*.mjpeg 38;5;202
*.jxl   38;5;202
*.JXL   38;5;202
*.webp  38;5;202
*.gif   38;5;203
*.bmp   38;5;202
*.pbm   38;5;202
*.pgm   38;5;202
*.ppm   38;5;202
*.tga   38;5;202
*.xbm   38;5;202
*.xpm   38;5;202
*.tif   38;5;202
*.tiff  38;5;202
*.png   38;5;202
*.svg   38;5;202
*.svgz  38;5;202
*.mng   38;5;202
*.odg   38;5;202

# video formats 
*.pcx   38;2;255;105;180
*.mov   38;2;255;105;180
*.mpg   38;2;255;105;180
*.mpeg  38;2;255;105;180
*.m2v   38;2;255;105;180
*.mkv   38;2;255;105;180
*.webm  38;2;255;60;160
*.ogm   38;2;255;105;180
*.mp4   38;2;255;105;180
*.mp4   38;2;255;105;180
*.m4v   38;2;255;105;180
*.mp4v  38;2;255;105;180
*.vob   38;2;255;105;180
*.qt    38;2;255;105;180
*.nuv   38;2;255;105;180
*.wmv   38;2;255;105;180
*.asf   38;2;255;105;180
*.rm    38;2;255;105;180
*.rmvb  38;2;255;105;180
*.flc   38;2;255;105;180
*.avi   38;2;255;105;180
*.fli   38;2;255;105;180
*.flv   38;2;255;105;180
*.gl    38;2;255;105;180
*.dl    38;2;255;105;180
*.xcf   38;2;255;105;180
*.xwd   38;2;255;105;180
*.yuv   38;2;255;105;180
*.cgm   38;2;255;105;180
*.emf   38;2;255;105;180
*.ogv   38;2;255;105;180
*.ogx   38;2;255;105;180
*.srt   38;5;51

# audio formats
*.aac   00;36
*.au    00;36
*.flac  38;2;0;255;255
*.m4a   38;2;0;255;255
*.mid   00;36
*.midi  00;36
*.mka   00;36
*.mp3   00;36
*.mpc   00;36
*.ogg   00;36
*.ra    00;36
*.wav   00;36
*.oga   00;36
*.opus  00;36
*.spx   00;36
*.xspf  00;36

# other formats
#*.pdf    38;2;249;46;73
*.ps     38;2;249;46;73
*.epub   38;2;249;46;73
*.mobi   38;2;249;46;73
*.ods    38;5;114
*.xls   38;5;46
*.xlsm   38;5;46
*.XLS	38;5;46
*.xlsx   38;5;46
*.csv    38;5;40
*.XLSX   38;5;114
*.odt    38;5;75
*.doc    38;5;75
*.DOC    38;5;75
*.docx   38;5;75
*.DOCX   38;5;75
*.odp    38;2;249;62;0
*.ppt    38;2;249;62;0
*.PPT    38;2;249;62;0
*.pptx   38;2;249;62;0
*.PPTX   38;2;249;62;0
*.iso    48;5;205
*.img    38;5;221
*.py     38;5;220
*.ipynb  38;5;202
*.lua    38;5;226
*.js     38;5;226
*.htm    38;5;202
*.html   38;5;202
*.shtml  38;5;202
*.xhtml  38;5;202
*.css    38;5;213
*.go     38;5;39
*.php    38;5;75
*.tex    38;5;226
*.bib    38;5;196
*.txt    38;5;145
*.c      38;2;121;168;244
*.cpp    38;2;141;116;244
*.cs     38;2;203;121;244
*.nim    38;5;220
*.nims   38;5;220
*.r      38;5;39
*.R      38;5;39
*.rs     38;2;225;105;0
*.pl     38;2;0;115;255
*.raku   38;2;225;0;221
*.m      38;2;225;43;7
*.java   38;2;225;136;0
*.scala  38;5;196
*.rb     38;5;196
*.vim    32
*.sql    38;5;249
*.sqlite 38;5;249
*.db     38;5;249
*.odb    38;5;249
*.apk    38;5;82
*.apk    38;5;82
*.jl     38;5;147
*.hs     38;5;133
*.lhs    38;5;133
*.blend  38;5;208
*.list 38;5;214
*.conf 38;5;154
*.enc 38;5;0
*.nvim 38;5;78
*.json 38;5;218
*.yaml 38;5;226


# Bash
*.bashrc 38;5;196
*.bash_profile 38;5;242
*.tmp 38;5;242
*.bash_history 38;5;242
*.bash_logout 38;5;242

# LaTeX build files (gray)
*.aux 38;5;242
*.log 38;5;242
*.lof 38;5;242
*.lot 38;5;242
*.out 38;5;242
*.bbl 38;5;242
*.bbl-SAVE-ERROR 38;5;242
*.blg 38;5;242
*.fdb_latexmk 38;5;242
*.fls 38;5;242
*.nav 38;5;242
*.snm 38;5;242
*.toc 38;5;242
*.vrb 38;5;242
*.xdv 38;5;242
*.xml 38;5;242
*.bcf 38;5;242



# Obsidian
*.md 38;5;183
'/home/mario/Main Vault' 38;5;129

# Directories
'/run/' 38;5;196
'/home/' 38;5;015
'/usr/' 38;5;47
'~/.config/' 38;5;196

# Gray out
*.nvidia-settings-rc 38;5;242
*.pulse-cookie 38;5;242
*.python_history 38;5;242
*.viminfo 38;5;242
